01010110 000100010100 000100000010 01100000 01110010
00001001 01010110 000101100011 000101100100 000101100010 000101010001 000101010110 000101000111 01000000 01000010 000101010000 000101000101 000101010100 000101010100 000101010111 01010100 01000000 000101100111 000101010111 000101100100 000101010100 000101000100 01000001 01000010
000101010101 000101000001 000101010001 000101010110 01110010
00001001 000101100000 000101100101 000101100011 000101010000 00001001 000101100010 000101000010 000101100000
00001001 000101010101 000101010111 000101100110 00001001 000101100010 000101000010 000101100000 01010100 01000000 000101100010 000101100011 000101100000
00001001 000101010101 000101010111 000101100110 00001001 000101000101 000101000100 000101010001 01010100 01000000 000100010111 000100000110 000100000110 000100100011 000100000101 000100100100 01000000 000100000110 000100010100 000100000001 000100100100 01110010 01010110 000100010100 000100000001 01100000 
00001001 000101010101 000101010111 000101100110 00001001 000101000101 000101000001 000101110000 01010100 01100000
00001001 000101000011 000101000001 000101010100 000101010100 00001001 000101100000 000101100010 000101010001 000101010110 000101100100 000101000110 
00001001 000101010101 000101010111 000101100110 00001001 000101000101 000101000001 000101110000 01010100 01100000
00001001 000101100000 000101010111 000101100000 00001001 000101100010 000101000010 000101100000
00001001 000101100010 000101000101 000101100100
